25886 14155 75126 50200 19082 18193 73799 86932
21351 10043 47273 79962 35859 31419 67511 71466
74048 43427 79468 17464 21551 05369 23777 57954
39206 81440 75115 34678 27628 64265 95474 68273
07454 30545 57041 64491 84617 37194 65182 32028
10856 42127 98147 08212 80461 19159 76906 96350
06801 03739 79616 59897 74718 88039 57655 43996
96548 60171 10516 80703 42355 55453 18959 54960
48072 34595 24879 89432 74811 30669 49194 06105
86431 91706 51389 41559 57081 45856 29817 88628
45609 60007 85961 33296 91619 73179 04316 16318
78511 63202 26270 04975 57067 87112 06824 18890
23476 00497 12853 10704 85157 82625 80302 39568
98740 89702 62880 27515 01159 00782 10019 09324
76309 62253 29920 93879 79588 50325 30160 63686
36758 94379 96557 55805 16400 36597 45151 17432
68270 84821 11592 28099 35403 73705 90023 31866
41596 83244 40964 59866 92175 01481 85834 93496
68589