24765 93859 55146 09380 18882 67898 89698 95438 
25341 88038 31282 39057 21708 51305 66499 20567 
85096 02819 74377 27980 20471 53381 18887 08458 
19226 31329 55134 83869 28588 24850 81322 67478 
01334 80225 37081 13995 88827 07293 53021 81129 
90885 91712 80927 18799 71311 57151 71978 06245 
98890 61224 59636 08076 65747 36834 49525 92576 
95428 50476 08584 38399 37155 75549 11968 12982 
43041 83175 29737 88523 76789 29465 47144 75691 
77230 19601 57378 51440 48030 63857 15848 37829 
32548 48508 71999 22399 86499 22365 91385 74317 
57311 83798 06280 74855 58916 46818 07784 57382 
10464 00582 08702 30807 80017 50120 78381 88759 
93610 38382 57828 27710 00947 00977 02927 89429 
53217 20255 20839 63759 74408 60213 32159 73481 
31617 14857 97505 25301 14258 36792 42161 05427 
52190 32626 07392 88180 32382 22884 82072 81263 
39585 92345 44974 09467 88114 50678 84634 02982 
44347 73204 49702 60171 56691 11969 32188 82818 
06460 37447 02998 93679 05391 96625 21874 88256 
85784 28585 57183 61054 85038 41729 76885 51723 
12105 61287 69331 72620 98079 56863 59822 96951 
94389 88086 36174 39492 54708 56234 49308 07472 
79967 13807 72543 07594 89680 63806 18102 32416 
65413 91747 01977 31100 82600 78129 31020 07515 
09685 11575 35283 37365 15236 28014 82731 07629 
35772 51501 01308 09111 40637 41959 81825 82217 
89421 13874 28982 52087 95908 43908 08889 55318 
84308 31000 08437 84766 79907 58033 78288 44541 
39151 31450 44942 53264 04459 19198 33083 88732 
57000 78086 10301 31438 67180 08879 10617 39947 
41192 47297 79980 45748 24756 60210 83200 78916 
91761 48988 10844 64704 86812 61530 69324 30482 
03174 79631 96889 88017 31989 32177 73058 80287 
94449 59824 50866 22217 36685 78788 88951 51139 
92675 67604 01497 28710 85505 37548 78036 84619 
84157 68553 92307 42962 21860 78980 52154 40531 
57646 07563 92053 84974 34262 59764 68318 44568 
65986 82656 13413 84402 77821 46528 50300 34720 
43525 90572 90038 01483 75550 94795 48699 55418 
